
1	00000000000000000000000000000000000001011
2	00000000000000000000000001000000011110000
3	00000000000000000000000000000000011110000
4	01100100000001001101000010000000100001011
5	00000000000000000000000000000000011110000
6	00010110000001001101000010001000100001011
7	00010110000001001101000010001000100001011
8	10000000010000110000100100000000000001011
9	00000100000101001101000010110100100001011
10	00010110000001001101000010001000100001011
11	00011110000001001101000010001011100001011
12	00010111000001001111000010001000100001011
13	00010111000001001111000010001000100001011
14	00010110000001001101000010001000100001011
15	00010110000001001101000010001000100001011
16	00010110100011001101000010001000100001011
17	00010110000001001101000010001000100001011
18	00010111001001001111000010011000100001011
